8.468750000000000000e+01
8.056250000000000000e+01
8.425000000000000000e+01
8.412500000000000000e+01
8.493750000000000000e+01
8.550000000000000000e+01
8.706250000000000000e+01
8.718750000000000000e+01
8.850000000000000000e+01
8.700000000000000000e+01
8.581250000000000000e+01
8.843750000000000000e+01
8.725000000000000000e+01
8.893750000000000000e+01
8.781250000000000000e+01
8.887500000000000000e+01
8.937500000000000000e+01
8.693750000000000000e+01
8.762500000000000000e+01
8.937500000000000000e+01
8.887500000000000000e+01
8.906250000000000000e+01
8.812500000000000000e+01
9.231250000000000000e+01
9.462500000000000000e+01
8.243750000000000000e+01
7.718750000000000000e+01
8.393750000000000000e+01
8.543750000000000000e+01
8.625000000000000000e+01
8.618750000000000000e+01
8.668750000000000000e+01
8.650000000000000000e+01
8.575000000000000000e+01
8.606250000000000000e+01
8.568750000000000000e+01
8.587500000000000000e+01
8.756250000000000000e+01
8.837500000000000000e+01
8.593750000000000000e+01
8.693750000000000000e+01
8.581250000000000000e+01
8.687500000000000000e+01
8.662500000000000000e+01
8.737500000000000000e+01
8.637500000000000000e+01
8.600000000000000000e+01
8.731250000000000000e+01
8.718750000000000000e+01
9.275000000000000000e+01
7.612500000000000000e+01
7.356250000000000000e+01
7.962500000000000000e+01
7.912500000000000000e+01
8.075000000000000000e+01
7.968750000000000000e+01
8.225000000000000000e+01
8.175000000000000000e+01
8.125000000000000000e+01
8.062500000000000000e+01
8.306250000000000000e+01
8.331250000000000000e+01
8.481250000000000000e+01
8.256250000000000000e+01
8.268750000000000000e+01
8.343750000000000000e+01
8.231250000000000000e+01
8.231250000000000000e+01
8.356250000000000000e+01
8.450000000000000000e+01
8.343750000000000000e+01
8.462500000000000000e+01
8.075000000000000000e+01
8.193750000000000000e+01
8.656250000000000000e+01
7.137500000000000000e+01
6.843750000000000000e+01
7.100000000000000000e+01
7.375000000000000000e+01
7.656250000000000000e+01
7.550000000000000000e+01
7.531250000000000000e+01
7.731250000000000000e+01
7.681250000000000000e+01
7.587500000000000000e+01
7.862500000000000000e+01
7.737500000000000000e+01
7.825000000000000000e+01
7.618750000000000000e+01
7.868750000000000000e+01
7.806250000000000000e+01
7.793750000000000000e+01
7.837500000000000000e+01
7.925000000000000000e+01
7.756250000000000000e+01
7.806250000000000000e+01
7.656250000000000000e+01
7.581250000000000000e+01
7.662500000000000000e+01
8.256250000000000000e+01
